0 3900 97.35 10979.05 102.35 6262.65
0 0 10227.04 698.8
0 1 10371.46 845.08
0 2 10346.46 895.95
0 3 8114.78 2347.52
0 4 8410.03 4720.43
0 5 7934.28 2337.53
0 6 8235.46 3622.01
0 7 8027.78 4875.61
0 8 7908.67 5056.84
0 9 9118.65 5869.93
0 10 10586.21 605.7
0 11 4111.33 1145.36
0 12 7686.86 4613.88
0 13 8161.34 4495.87
0 14 9453.7 5102.03
0 15 4966.51 4663.05
0 16 9509.01 564.38
0 17 5225.92 2465.48
0 18 9086.69 4658.11
0 19 10221.88 5591.83
0 20 3785.52 4070.43
0 21 10307.83 739.26
0 22 9376.63 5175.88
0 23 10249.21 676.75
0 24 9867.98 638.79
0 25 8119.39 2883.45
0 26 7839.44 1432.67
0 27 10375.77 860.64
0 28 7730.05 6179.7
0 29 10355.42 872.71
0 30 10490.92 355.44
0 31 9663.36 4949.15
0 32 10404.81 865.27
0 33 6496 4229.4
0 34 10456.6 893.34
0 35 7979.31 4881.97
0 36 8907.02 5362.64
0 37 7841.95 5452.53
0 38 9382.88 2668.37
0 39 6154.75 5781.81
0 40 5092.66 3264.67
0 41 10224.47 687.68
60 0 10230.6 694.38
60 1 10313.48 682.71
60 2 10309.64 732.61
60 3 7932.98 2547.22
60 4 8111.97 4789.59
60 5 8435.2 2379.47
60 6 8303.48 3588.04
60 7 8042.04 4847.96
60 8 7922.75 5058.03
60 9 9164.26 5479.66
60 10 10110.78 3019.2
60 11 4112.21 1145.37
60 12 7219.23 4622.11
60 13 8067.85 4235.66
60 14 9453.6 5118.68
60 15 5799.57 4803.31
60 16 8955.23 504.29
60 17 5139.96 3007.54
60 18 9078.76 4659.17
60 19 10234.23 5587.47
60 20 4198.43 4089.43
60 21 9604.58 636
60 22 9230.7 5278.14
60 23 10080.16 661.23
60 24 9032.76 504.78
60 25 8231.98 3189.27
60 26 7793.79 1693.13
60 27 10397.98 831.93
60 28 7848.44 5399.31
60 29 10364.4 847.25
60 30 10472.54 745.87
60 31 9656.29 4953.54
60 32 10337.27 819.34
60 33 6491.47 4250.45
60 34 10432.9 880.98
60 35 7992.6 4868.74
60 36 8912.3 5362.68
60 37 7954.26 4947.28
60 38 10121.38 5610.05
60 39 6218.66 5400.51
60 40 4785.59 3366.07
60 41 9681.46 876.15
120 0 9730.62 627.93
120 1 9646.55 824.89
120 2 9741.19 626.88
120 3 8049.55 2782.05
120 4 8057.94 5124.33
120 5 8518.5 2862.64
120 6 8268.25 3729.84
120 7 8026.89 4877.82
120 8 7914.83 5057.99
120 9 9192.6 5454.32
120 10 9809.61 3425.57
120 11 4107.79 1148.67
120 12 6970.83 4490.78
120 13 8063.26 4124.67
120 14 9444.61 5147.47
120 15 5754.61 4810.81
120 16 8308.56 505.79
120 17 5114.99 3362.44
120 18 9053.25 4654.57
120 19 10192.86 5586.1
120 20 5252.84 4186.52
120 21 8979.99 630.93
120 22 8981.02 5356.45
120 23 9912.87 645.74
120 24 8721.86 489.51
120 25 8184.88 3540.7
120 26 7729.51 1689.41
120 27 10477.23 836.89
120 28 7949.53 4856.26
120 29 10290.38 713.63
120 30 10460.32 863.41
120 31 9665.03 4964.69
120 32 10598.96 677.9
120 33 6816.1 4447.68
120 34 10365.31 842.82
120 35 7986.37 4879.79
120 36 8920.22 5363.84
120 37 8127.38 4718.67
120 38 9619.86 1140.93
120 39 5829.97 5319.42
120 40 3931.95 3253.55
120 41 9485.86 2401.62
180 0 9631.32 1278.59
180 1 9454.68 2319.32
180 2 9139.32 511
180 3 8112.35 2881.19
180 4 8009.21 5458
180 5 8821.51 3277.28
180 6 8758.53 4050.23
180 7 8021.61 4877.79
180 8 7924.5 5060.26
180 9 9119.46 5045.55
180 10 9525.97 3711.13
180 11 4113.81 1174.22
180 12 6393.9 4368.58
180 13 8120.2 3745.57
180 14 9443.77 5140.81
180 15 5291.14 4712.66
180 16 8285.94 744.2
180 17 5109.72 3359.08
180 18 9070.88 4652.46
180 19 10163.75 5593.68
180 20 6231.23 4327.67
180 21 8748.81 967.88
180 22 8855.3 5326.81
180 23 8994.85 508.98
180 24 8112.3 473.5
180 25 8105.44 3996.23
180 26 7598.53 1931.59
180 27 10465.73 844.58
180 28 7900.36 4833.77
180 29 10293.07 705.88
180 30 10412.38 920.79
180 31 9666.84 4955.83
180 32 10617.8 1302.69
180 33 7085.79 4554.72
180 34 10218.44 666.56
180 35 7984.53 4893.1
180 36 8911.42 5362.67
180 37 8538.31 4624.7
180 38 10163.6 5618.08
180 39 5850.5 4975.59
180 40 2890.48 3182.22
180 41 9828.26 3812.92
240 0 9439.44 2776.35
240 1 8788.2 3393.57
240 2 8902.38 502.85
240 3 8321.13 2875.83
240 4 7962.55 5741.76
240 5 8793.59 3375.86
240 6 8944.92 4238.92
240 7 8032.28 4861.21
240 8 7933.31 5059.21
240 9 8863.22 4766.54
240 10 9465.21 3709.64
240 11 4178.66 1387.62
240 12 6477.61 3773.27
240 13 7989.26 3274.31
240 14 9388.35 5132.69
240 15 5724.77 4795.1
240 16 8280.5 910.59
240 17 5094.75 3358.99
240 18 9087.57 4658.11
240 19 10186.64 5593.82
240 20 6677.16 4415.78
240 21 8473.22 943.97
240 22 8492.9 5267.95
240 23 8582.6 498.62
240 24 7901.22 700.76
240 25 8032.81 4348.61
240 26 7553.82 2472.77
240 27 10460.42 847.87
240 28 7791.47 4929.63
240 29 9712.13 625.59
240 30 10320.41 838.09
240 31 9650.11 4955.72
240 32 10338.29 2569.08
240 33 7726.81 4417.73
240 34 9631.89 636.17
240 35 7989.89 4879.81
240 36 8903.5 5362.62
240 37 8993.76 4732.97
240 38 10172.39 5619.25
240 39 5703.01 4900.38
240 40 2002.13 3128.51
240 41 10058 3967.51
300 0 9351.32 3475.91
300 1 8735.58 3497.54
300 2 8708.6 496.08
300 3 8115.31 3114.21
300 4 7819.83 5755.3
300 5 8468.22 3721.1
300 6 9144.35 4452.1
300 7 8027.81 4871.17
300 8 7926.27 5058.06
300 9 8851.39 4828.6
300 10 9461.62 3720.71
300 11 4242.63 1599.91
300 12 6574.45 3337.8
300 13 7795 3212.09
300 14 9483.66 5237.59
300 15 6000.13 4837.78
300 16 8250.5 1201.1
300 17 5078.92 3355.57
300 18 9057.66 4653.49
300 19 10228.04 5591.87
300 20 7382.6 4545.44
300 21 8229.01 1399.58
300 22 8335.84 5321.34
300 23 8290.55 710.94
300 24 7886 881.52
300 25 8149.46 4565.69
300 26 7598.03 2875.8
300 27 10458.6 857.85
300 28 7779.12 4931.77
300 29 8824 497.91
300 30 10222.52 717.63
300 31 9665.96 4955.82
300 32 10395.05 3595.78
300 33 7812.84 3891.23
300 34 8899.72 506.16
300 35 7993.48 4868.74
300 36 8911.41 5363.78
300 37 9285.88 4768.11
300 38 10163.6 5618.08
300 39 5336.2 4838.3
300 40 1957.2 3778.44
300 41 9955.12 4491.67
360 0 8854.9 3990.92
360 1 8723.25 3497.46
360 2 8304.7 560.13
360 3 8053.51 3139.35
360 4 6855.49 6234.27
360 5 8161.75 3721.41
360 6 9323.78 4624.11
360 7 8032.28 4861.21
360 8 7930.57 5074.73
360 9 8995.85 4820.64
360 10 9442.97 3745
360 11 4240.68 2247.86
360 12 6603.85 3136.04
360 13 7603.8 3512.71
360 14 9699.71 5048.13
360 15 6333.52 4745.46
360 16 8227.78 1456.16
360 17 5468.33 3481.01
360 18 9035.67 4650.02
360 19 10210.45 5588.43
360 20 7723.95 4596.35
360 21 8185.81 1972.94
360 22 8299.71 5466.46
360 23 8242.14 1270.95
360 24 7485.23 871.29
360 25 8626.32 4630.8
360 26 8048.52 3375.65
360 27 10346.72 856.01
360 28 7796.78 4925.22
360 29 8301.22 553.45
360 30 9698.3 859.61
360 31 9673.94 4948.1
360 32 10497.74 3921.54
360 33 7746.86 3450.34
360 34 8707.71 498.29
360 35 7989.05 4873.15
360 36 8916.7 5363.81
360 37 9520.73 4532.16
360 38 10188.25 5618.24
360 39 4968.5 4775.13
360 40 1504.57 3936.87
360 41 9813.85 4688.26
420 0 8639.13 4414.52
420 1 8730.29 3499.73
420 2 8216.1 924.62
420 3 8141.22 3339.61
420 4 6120.97 6132.22
420 5 7587.31 3618.01
420 6 9527.63 4831.78
420 7 7948.12 4942.8
420 8 7924.45 5068.03
420 9 8716.99 4776.72
420 10 9446.6 3727.27
420 11 4766.26 2445.05
420 12 6639.78 2873.3
420 13 7240.47 3449.46
420 14 9496.96 4808.28
420 15 6379.37 4441.73
420 16 8199.92 1969.7
420 17 5856.22 2969.59
420 18 9060.3 4653.5
420 19 10225.46 5582.98
420 20 7852.66 4572.73
420 21 8173.94 2182.56
420 22 8301.47 5467.58
420 23 8240.32 1279.82
420 24 7473.14 830.17
420 25 9021.47 4667.68
420 26 7968.43 3936.58
420 27 10305.55 683.77
420 28 7758 5215.68
420 29 8275.1 928.31
420 30 9336.01 1170.2
420 31 9666.94 4941.4
420 32 9858.68 4563.17
420 33 7807 3123.4
420 34 8487.42 503.57
420 35 7969.62 4883.02
420 36 8909.66 5362.66
420 37 9503.97 4260.21
420 38 10204.1 5617.24
420 39 4821.35 4640.02
420 40 1519.51 3942.49
420 41 9567.13 4850.89
480 0 8517.35 5019.57
480 1 8659.71 3519.26
480 2 7950.16 907.44
480 3 8225.48 3243.6
480 4 6124.56 6120.04
480 5 7278.74 3528.47
480 6 9799.39 4882.33
480 7 7907.84 5191.09
480 8 7919.94 5085.76
480 9 8879.14 4896.46
480 10 9553.91 4024.2
480 11 4798.05 2430.81
480 12 6587.41 2648.86
480 13 6965.03 3413.39
480 14 9392.83 4705.54
480 15 6398.62 4315.35
480 16 8151.83 2338.87
480 17 5618.12 2871.65
480 18 9025.13 4645.52
480 19 10228.94 5588.55
480 20 7795.96 4914.12
480 21 7955.21 2514.07
480 22 8735.07 5542.42
480 23 7945.74 909.63
480 24 7469.59 835.69
480 25 9172.92 4807.33
480 26 7827.11 4719.04
480 27 10113.65 659.23
480 28 7692.47 5563.67
480 29 8235.99 1409.61
480 30 9263.95 1977.48
480 31 9665.12 4950.27
480 32 9837.3 4601.86
480 33 8874.53 2829.36
480 34 8481.26 503.54
480 35 7831.07 4646.94
480 36 8921.22 5344.98
480 37 9399.89 4287.29
480 38 10138.01 5626.8
480 39 4209.04 4542.18
480 40 1316.19 3922.54
480 41 9504.42 5295.42
540 0 8551.94 5260.55
540 1 8362.61 4133.19
540 2 7698.33 885.91
540 3 8261.52 3114.01
540 4 6690.31 6177.8
540 5 7283.18 3521.84
540 6 9553.54 4910.72
540 7 7850.39 5511.39
540 8 7926.16 5075.81
540 9 9067.59 4894.32
540 10 9951.17 4420.63
540 11 5228.12 2540.94
540 12 6334.06 2448.74
540 13 7047.55 3311.81
540 14 9112.73 4438.59
540 15 6518.25 3604.86
540 16 8151.72 3065.62
540 17 5465.98 2532.35
540 18 9108.73 4653.81
540 19 10193.75 5584.99
540 20 7703.6 5471.65
540 21 7933.19 2512.82
540 22 9338.58 5482.98
540 23 7782.85 894.2
540 24 7335.59 850.41
540 25 9031.95 4681.06
540 26 7995.54 4963.06
540 27 9513.05 620.99
540 28 7626.85 5926.09
540 29 8235.05 1419.59
540 30 9304.15 2443.74
540 31 9657.99 4963.54
540 32 9842.59 4600.79
540 33 9408.89 1623.35
540 34 8476.82 507.95
540 35 7738.59 5223.33
540 36 8907.13 5344.89
540 37 9429.11 4261.96
540 38 10188.27 5614.91
540 39 3579.78 4482.01
540 40 1737.06 3935.91
540 41 9221.27 5375.72
600 0 8513.53 5347.97
600 1 8331.17 4798.72
600 2 7393.65 864.08
600 3 8250.21 3232.66
600 4 6770.36 5897.57
600 5 7289.52 3493.03
600 6 9227.14 4866.48
600 7 7822.51 5749.77
600 8 7957 5072.67
600 9 9056.74 5078.44
600 10 10152.21 4653.82
600 11 5293.48 2810.94
600 12 5980.37 2086.03
600 13 7159.84 3384.62
600 14 8787.37 4085.92
600 15 6558.54 3348.8
600 16 8220.58 3182.54
600 17 5478.68 2470.29
600 18 9074.41 4650.27
600 19 10159.39 5586.99
600 20 7777.62 5747.27
600 21 7778.49 2317.7
600 22 9524.25 5499.7
600 23 7867.44 891.39
600 24 6923.49 819.06
600 25 9028.52 4666.62
600 26 7979.73 4956.31
600 27 9149.87 514.39
600 28 7242.6 5988.09
600 29 8182.29 1972.91
600 30 9203.01 2698.29
600 31 9665.05 4961.36
600 32 9846.95 4606.36
600 33 9715.72 615.63
600 34 8486.48 513.55
600 35 7681.66 5602.44
600 36 8609.32 5377.42
600 37 9493.69 4215.77
600 38 10144.23 5616.85
600 39 3213.6 4456.65
600 40 2143.77 3961.42
600 41 8921.32 5328.34
660 0 8339.25 5198.2
660 1 8559.8 4848.97
660 2 6965.72 827.08
660 3 8229.24 3488.83
660 4 7296.32 5986.2
660 5 7183.25 3444.67
660 6 9027.23 4732.07
660 7 7897.05 6083.09
660 8 7936.74 5074.76
660 9 8806.6 5090.17
660 10 10158.37 4653.86
660 11 5856.11 3137.13
660 12 5796.73 1712.14
660 13 6826.09 3379.26
660 14 8680.59 3980.95
660 15 6553.24 3350.99
660 16 8191.62 3448.65
660 17 5475.97 2481.37
660 18 9046.24 4648.98
660 19 10248.34 5584.24
660 20 8287.8 5823.66
660 21 8179.04 2353.46
660 22 9660.38 5278.66
660 23 8119.34 901.83
660 24 6863.03 1201.48
660 25 9043.56 4655.62
660 26 8156.5 4991.8
660 27 8987.8 508.93
660 28 6728.8 5927.28
660 29 8148.45 2457.57
660 30 9012.46 3164.2
660 31 9678.43 4933.71
660 32 9859.34 4596.46
660 33 10474.62 832.43
660 34 8470.66 930.64
660 35 7610.43 6018.08
660 36 8384.1 5347.16
660 37 9487.52 4215.73
660 38 10188.31 5608.26
660 39 2747.94 4427.43
660 40 2777.6 4001.53
660 41 8910.65 5344.91
720 0 8394.47 4814.65
720 1 9075.9 4972.04
720 2 6868.76 1128.28
720 3 8231.66 3524.35
720 4 7628.77 6042.6
720 5 7137.4 3454.38
720 6 9135.4 4752.73
720 7 8617.27 6216.28
720 8 7930.59 5072.51
720 9 8757.46 5203.04
720 10 10144.2 4665.97
720 11 5542.23 3494.76
720 12 5989.15 1496.92
720 13 6249.75 3291.48
720 14 8670.93 3977.56
720 15 6557.68 3345.47
720 16 8001.62 3697.12
720 17 5515.33 2528.2
720 18 9047.16 4642.33
720 19 10186.72 5581.62
720 20 9313.27 6002.09
720 21 8806.62 2283.04
720 22 9923.89 5241.52
720 23 8258.97 1114.61
720 24 6822.11 1704.96
720 25 9049.76 4649
720 26 8757.27 5093.19
720 27 8517.43 494.89
720 28 6696.61 6155.65
720 29 8159.4 3105.61
720 30 8515.3 3655.93
720 31 9666.81 4960.26
720 32 9845.2 4605.24
720 33 10320.18 873.59
720 34 8515 1308.16
720 35 6262.92 6244.02
720 36 8242.58 5734.62
720 37 9424.73 4258.6
720 38 10487.75 301.05
720 39 2405.51 4405.56
720 40 3340.12 4036.85
720 41 8752.74 5392.74
780 0 8488.93 4353.67
780 1 9032.44 5021.7
780 2 6824.88 1683.89
780 3 8220.14 3536.48
780 4 7871.5 6085.15
780 5 7168.05 3336.96
780 6 9031.94 4821.98
780 7 8189.01 6137.05
780 8 7925.28 5075.8
780 9 8486.92 5239.07
780 10 10141.51 4673.72
780 11 5511.36 3502.35
780 12 5992.7 1492.51
780 13 5611.06 3173.4
780 14 8582.59 3880.48
780 15 6604.12 3091.66
780 16 7816.71 3977.8
780 17 6419.17 2503.61
780 18 8892.42 4185.33
780 19 10203.49 5576.18
780 20 9304.96 6063.06
780 21 8813.65 2286.42
780 22 10178.59 5204.32
780 23 8234 1447.32
780 24 6609.48 1907.83
780 25 9044.49 4647.86
780 26 9228.45 5214.89
780 27 8356.24 489.44
780 28 6561.72 6187.01
780 29 8609.77 3618.8
780 30 8132.14 3382.82
780 31 9648.2 4980.12
780 32 9852.28 4599.74
780 33 10311.41 866.88
780 34 8610.75 1490.72
780 35 6099.98 6108.8
780 36 8075.54 6119.7
780 37 9489.27 4217.96
780 38 10163.57 5621.41
780 39 2023.47 4382.38
780 40 3959.86 4075.86
780 41 8496.59 5662.97
840 0 8335.65 4361.59
840 1 8556.3 4986.53
840 2 6816.97 1826.97
840 3 8254.5 3534.48
840 4 8443.98 6191.89
840 5 7196 3230.61
840 6 8558.68 4745.77
840 7 8264.19 5657.08
840 8 7919.11 5076.87
840 9 8611.65 5286.45
840 10 10157.43 4663.84
840 11 5528.76 3537.95
840 12 6075.32 1375.39
840 13 5040.04 2773.95
840 14 8288.42 3744.39
840 15 6730.34 2752.91
840 16 7385.66 3901.93
840 17 6945.37 2442.43
840 18 8767.21 4070.26
840 19 10177.07 5577.12
840 20 9290.87 6062.97
840 21 8833.89 2288.76
840 22 10676.42 5287.44
840 23 8185.75 1982.92
840 24 6511.81 2037.06
840 25 9049.76 4650.11
840 26 8968.78 5341.95
840 27 8096.88 686.44
840 28 6110.73 6224.25
840 29 8752.11 4092.36
840 30 7977.03 3258.7
840 31 9650.93 4965.71
840 32 9866.42 4590.95
840 33 10303.61 846.86
840 34 8702.19 2221.36
840 35 6158.48 5747.44
840 36 7472.18 6022.78
840 37 9478.68 4222.33
840 38 10075.52 5621.95
840 39 1734.68 4212.16
840 40 4122.96 4043.51
840 41 8208.57 5823.17
900 0 8245.17 4893.6
900 1 8087.93 4974.73
900 2 7135.83 2408.08
900 3 8100.33 3115.23
900 4 8990.36 6247.47
900 5 7369.02 3166.2
900 6 8440 4573.05
900 7 8359 5136.19
900 8 7926.16 5076.92
900 9 8034.28 5248.46
900 10 10163.6 4661.66
900 11 5544.81 3504.76
900 12 6098.08 1103.69
900 13 4417.4 2456.35
900 14 7956.55 3864.38
900 15 6781.84 2101.92
900 16 7301.2 3888.1
900 17 7353.1 2310.66
900 18 8748.81 4055.72
900 19 10148.14 5556.96
900 20 9289.03 6075.17
900 21 8841.82 2288.81
900 22 10855.76 4791.53
900 23 8243.42 2340.55
900 24 5915.78 1986.9
900 25 9081.46 4649.2
900 26 8883.47 5326.99
900 27 8053.9 1225.4
900 28 6699.5 6114.61
900 29 8599.93 4486.4
900 30 7708.18 3009.62
900 31 9643.84 4972.32
900 32 9847.85 4604.15
900 33 10308 850.22
900 34 9026.85 2419.79
900 35 6220.42 5401.63
900 36 7357.84 6004.33
900 37 9446.83 4245.43
900 38 10127.47 5622.29
900 39 1845.21 3966.45
900 40 4143.95 3760.7
900 41 7801.55 5863.92
960 0 8173.06 5303.68
960 1 8054.9 5188.67
960 2 7520.14 2793.21
960 3 8044.63 2866.35
960 4 9125 5978.71
960 5 7563.12 3397.06
960 6 8553.41 3899.16
960 7 8442.94 4808.29
960 8 7932.31 5079.17
960 9 7985.68 5561.04
960 10 10156.52 4667.16
960 11 5545.73 3499.22
960 12 6069.44 1031.4
960 13 4028.28 2424.17
960 14 7851.93 4549.43
960 15 6810.3 2056.61
960 16 7295 3894.71
960 17 7354.05 2300.68
960 18 8463.57 3761.02
960 19 10138.44 5560.23
960 20 9337.46 5935.67
960 21 8730.73 2446.78
960 22 10715.07 4491.04
960 23 7884.96 2336.11
960 24 5551.82 2015.82
960 25 9058.59 4645.73
960 26 8868.01 5405.67
960 27 8022.5 1602.45
960 28 6704.17 6069.15
960 29 8646.83 4871.7
960 30 7335.39 2614.56
960 31 9673.99 4939.23
960 32 9858.46 4596.45
960 33 10306.29 842.44
960 34 9054.55 2496.53
960 35 6285.32 5001.48
960 36 7877.02 6189.48
960 37 9461.86 4235.54
960 38 10201.49 5612.78
960 39 1766.91 3953.82
960 40 4055 3605.97
960 41 7360.02 5791.31
1020 0 8145.35 5795.04
1020 1 8005.65 5463.53
1020 2 7844 3122.52
1020 3 8052.22 2778.74
1020 4 8869.09 5932.71
1020 5 8024.47 3561.9
1020 6 8114.35 3411.56
1020 7 8741.14 4716.96
1020 8 7934.99 5072.53
1020 9 7983.87 5568.8
1020 10 10126.45 4688.05
1020 11 5783.97 3570.53
1020 12 6080.01 1032.57
1020 13 3582.19 2028.87
1020 14 7711.57 4605.15
1020 15 6966.13 2359.34
1020 16 7240.48 3881.07
1020 17 7374.47 2128.82
1020 18 8349.82 3641.59
1020 19 10130.42 5574.6
1020 20 9658.3 5603.74
1020 21 8663.06 3124.28
1020 22 10886.51 4264.7
1020 23 7561.63 2204.31
1020 24 5485.97 2429.28
1020 25 9033.08 4642.24
1020 26 8870.27 5325.8
1020 27 7988.58 1959.51
1020 28 6746.54 5905.19
1020 29 9103.6 4908.97
1020 30 7359.36 2295.16
1020 31 9686.34 4935.98
1020 32 9869.95 4589.87
1020 33 10311.56 844.69
1020 34 8938.34 2766.52
1020 35 5896.28 4828.29
1020 36 7946.38 5793.8
1020 37 9440.64 4249.82
1020 38 10189.14 5617.14
1020 39 1530.99 3937.01
1020 40 3873.86 3248.78
1020 41 7173.16 5969.91
1080 0 8991.58 6054.42
1080 1 7950.13 5757.21
1080 2 8024.41 3571.88
1080 3 8121.78 2781.39
1080 4 7984.31 5497.79
1080 5 8552 3561.85
1080 6 8107.45 3388.22
1080 7 8771.44 4659.45
1080 8 7941.16 5071.46
1080 9 7916.21 5973.36
1080 10 10134.49 4670.35
1080 11 5716.63 4235.85
1080 12 6066.76 1038.04
1080 13 3595.82 1798.16
1080 14 6988.33 4508.64
1080 15 6931.92 2772.99
1080 16 7262.76 3982.17
1080 17 7375.46 2111.08
1080 18 7966.35 3275.28
1080 19 10141.08 5559.13
1080 20 9750.31 5121.68
1080 21 8876.56 3347.53
1080 22 10600.65 4211.8
1080 23 7614.6 1609.92
1080 24 5438.41 2728.58
1080 25 9069.35 4614.73
1080 26 8367.97 5251.64
1080 27 7755.14 1961.4
1080 28 6803.59 5498.34
1080 29 9050.76 5049.55
1080 30 7387.1 1936.95
1080 31 9637.81 4952.31
1080 32 9862.87 4595.37
1080 33 10304.51 844.64
1080 34 8728.71 3189.05
1080 35 5416.86 4747.79
1080 36 7998.79 5433.53
1080 37 9366.67 4248.24
1080 38 10242.83 5618.6
1080 39 2347.14 3971.41
1080 40 3344.76 3212.5
1080 41 7075.46 5675.29
1140 0 9044.43 6051.43
1140 1 7780.91 6071.28
1140 2 7872.02 4433.05
1140 3 8181.89 2036.16
1140 4 8038.88 5216.31
1140 5 8872.28 3886.74
1140 6 7886.75 3187.13
1140 7 8758.98 4680.45
1140 8 7909.84 5152.27
1140 9 7767.71 6070.09
1140 10 10065.32 4745.35
1140 11 6524.05 4397.1
1140 12 6100.14 757.53
1140 13 3767.71 1776.95
1140 14 6970.37 4566.23
1140 15 7091.08 2815.01
1140 16 7561.63 3927.41
1140 17 7351.74 2102.06
1140 18 7710 2999.64
1140 19 10137.63 5548.02
1140 20 9571.21 4901.96
1140 21 9358.73 3835.45
1140 22 10226.62 4584.4
1140 23 7651.1 1117.52
1140 24 5550.92 3066.53
1140 25 9130.43 4564.08
1140 26 7828.82 5153.98
1140 27 7343.98 1930.03
1140 28 6894.68 4995.16
1140 29 9058.82 5027.41
1140 30 7428.98 1425.71
1140 31 9554.03 4971.75
1140 32 9857.56 4599.77
1140 33 10311.58 841.36
1140 34 8882.6 3086.83
1140 35 5059.7 4689.12
1140 36 8145.32 5374.52
1140 37 9152.12 4476.56
1140 38 10234.03 5618.54
1140 39 3134.14 4022.38
1140 40 2132.44 3135.88
1140 41 6965.2 5419.43
1200 0 9135.89 5789.04
1200 1 7371.04 6005.52
1200 2 7731.49 5232.16
1200 3 8142.09 1636.48
1200 4 8393.37 4849.03
1200 5 9195.15 4217.2
1200 6 7907.92 2897.68
1200 7 8756.12 4714.83
1200 8 7605.07 5171.47
1200 9 7758.81 5942.43
1200 10 10094.71 4694.5
1200 11 6976.98 4491.93
1200 12 6119.56 1491.04
1200 13 3954.81 2178.55
1200 14 7399.4 4534.44
1200 15 7035.77 3221.87
1200 16 7863.16 3585.31
1200 17 7358.51 2290.72
1200 18 7337.94 2631.22
1200 19 10142.94 5543.61
1200 20 9355.21 4666.47
1200 21 9119.26 4102.44
1200 22 9916.5 4884.2
1200 23 8119.27 912.92
1200 24 5837.06 3231.32
1200 25 9438.54 4716.93
1200 26 7334.48 5072.17
1200 27 6929.34 1888.68
1200 28 6957.05 4583.9
1200 29 8689.31 4978.48
1200 30 7472.89 871.22
1200 31 9583.74 5007.44
1200 32 9852.27 4600.85
1200 33 10307.87 733.71
1200 34 9104.9 3030.53
1200 35 4888.12 4667.04
1200 36 8128.15 5587.45
1200 37 9029.72 4615.59
1200 38 10209.37 5619.49
1200 39 3482.72 4047.64
1200 40 1185.11 3076.38
1200 41 6854.62 5213.49
1260 0 9217.01 5075.01
1260 1 6880.25 5924.86
1260 2 7675.46 5609.06
1260 3 7993.85 1961.76
1260 4 8508.25 4220.64
1260 5 9485.67 4507.52
1260 6 7931.07 2428.49
1260 7 8753.45 4719.25
1260 8 7673.1 4846.79
1260 9 7877.4 5273
1260 10 10218.57 4877.26
1260 11 7389.95 4639.79
1260 12 6422.68 1917.8
1260 13 4076.1 2223.62
1260 14 7748.54 4322.45
1260 15 7028.32 3288.4
1260 16 7920.65 3259.46
1260 17 8006.59 1753.25
1260 18 6824.89 2118.83
1260 19 10131.5 5543.54
1260 20 9077.31 4609.23
1260 21 8928.65 4305.39
1260 22 9774.39 5074.12
1260 23 8257.95 1136.8
1260 24 5778.62 3432.91
1260 25 9459.75 4704.86
1260 26 6863.03 4987.2
1260 27 6791.09 2027.64
1260 28 7072.31 4019.85
1260 29 8107.57 4789.56
1260 30 6969.22 831.54
1260 31 9672.15 4952.53
1260 32 9871.73 4587.66
1260 33 9668.92 631.97
1260 34 8971.71 3201.67
1260 35 3908.73 4394.01
1260 36 7786.7 5559.82
1260 37 8872.13 4749.96
1260 38 10190.03 5614.93
1260 39 3701.89 4065.52
1260 40 346.07 3023.11
1260 41 6722.38 5095.08
1320 0 9432.35 4583.74
1320 1 6115.14 6223.17
1320 2 7615.88 5990.37
1320 3 7966.11 2316.64
1320 4 8556.24 3869.22
1320 5 9673.71 4707.33
1320 6 7934.98 2366.38
1320 7 8750.01 4707.03
1320 8 7663.4 4848.95
1320 9 7985.29 4627.92
1320 10 10255.09 4812.04
1320 11 7672.4 4674.81
1320 12 6812.82 1930.13
1320 13 4027.69 2218.9
1320 14 7851.29 3654.03
1320 15 7147.78 3340.16
1320 16 7909.97 2851.09
1320 17 8247.36 1282.08
1320 18 6629.26 1693.81
1320 19 10127.13 5539.07
1320 20 8891.31 4641.34
1320 21 8864.31 4873.07
1320 22 9926.66 5220.45
1320 23 8232.19 1453.96
1320 24 5693.3 3414.66
1320 25 9478.22 4709.41
1320 26 6168.1 4872.07
1320 27 6775.25 2317.13
1320 28 7123.5 3567.47
1320 29 8181.37 4531.5
1320 30 6881.07 986.34
1320 31 9607.84 4956.56
1320 32 9889.4 4577.79
1320 33 9120.86 644.02
1320 34 8861.84 3166.58
1320 35 3822.93 4306.98
1320 36 7906.5 5123.4
1320 37 8646.9 5001.52
1320 38 10162.14 5570.36
1320 39 3802.74 4294.66
1320 40 121.54 3011.94
1320 41 6779.94 4749.26
1380 0 9772.66 4245.29
1380 1 6706.69 6089.13
1380 2 6839.63 6236.4
1380 3 7920.45 2865.58
1380 4 9123.54 4122.44
1380 5 10098.38 5080.64
1380 6 8037.3 2342.6
1380 7 8754.44 4702.62
1380 8 8100.6 4776.2
1380 9 7992.51 4599.12
1380 10 10188.95 4690.67
1380 11 8101.51 4771.77
1380 12 6805.45 1983.35
1380 13 3581.3 2186.41
1380 14 7921.24 3307.18
1380 15 7612.98 3309.72
1380 16 7977.59 2027.12
1380 17 8508.59 1486.75
1380 18 6667.5 1194.75
1380 19 10142.14 5531.4
1380 20 8848.07 4935.1
1380 21 9058.55 4930.88
1380 22 10146.22 5444.88
1380 23 8186.67 1976.27
1380 24 5684.51 3412.39
1380 25 9499.48 4827.16
1380 26 5762.59 4801.98
1380 27 6750.52 2619.89
1380 28 7159.55 3432.32
1380 29 8284.39 3826.47
1380 30 6863.88 1205.92
1380 31 9657.11 4963.53
1380 32 9895.59 4574.5
1380 33 9079.71 1161.92
1380 34 8733.31 3438.72
1380 35 4007.67 4339.09
1380 36 8066.7 4990.13
1380 37 8143.05 4888.53
1380 38 10158.53 5583.66
1380 39 3812.57 4270.3
1380 40 97.35 3090.59
1380 41 6919.32 4561.48
1440 0 9981.7 3644.15
1440 1 6855.67 5912.51
1440 2 6682.14 6218.8
1440 3 8025.13 2885.09
1440 4 9231.69 4009.95
1440 5 10246.89 5263.57
1440 6 8283.84 2356.33
1440 7 8758.81 4707.08
1440 8 8383.01 4816.79
1440 9 8362.28 4610.29
1440 10 10045.96 4606.53
1440 11 8114.74 4768.52
1440 12 7230.41 2497.42
1440 13 3075.87 2158.06
1440 14 8106.76 2931.08
1440 15 7701.86 2891.97
1440 16 8049.73 1188.76
1440 17 8890.7 1519.1
1440 18 6703.81 724.53
1440 19 10143.87 5536.96
1440 20 8891.4 5325.93
1440 21 9057.61 4939.75
1440 22 10377 5567.32
1440 23 8159.02 2315.62
1440 24 5683.62 3413.49
1440 25 9665.54 4746.11
1440 26 5458.37 4725.85
1440 27 6659.87 2901.16
1440 28 7293.84 3362.13
1440 29 8505.18 3442.84
1440 30 6816.05 1833.63
1440 31 9690.72 4939.33
1440 32 9888.52 4577.78
1440 33 9051.99 1506.81
1440 34 8473.3 3754.42
1440 35 4014.3 4102.8
1440 36 8537.9 4829.97
1440 37 8136.31 4698.76
1440 38 10155.84 5591.41
1440 39 3805.41 4291.34
1440 40 617.75 3942.11
1440 41 7397.9 4636.51
1500 0 10223.32 2641.57
1500 1 7394.83 6001.22
1500 2 6982.22 6241.7
1500 3 8139.37 2500.79
1500 4 9369.07 3593.63
1500 5 10505.95 5504.91
1500 6 8511.4 2730.56
1500 7 8851.31 4701.01
1500 8 8938.13 4896.83
1500 9 8867.37 4807.62
1500 10 9995.21 4693.86
1500 11 8511 5048.38
1500 12 7628.71 2899.29
1500 13 3058.24 2159.07
1500 14 8693.2 2812.69
1500 15 7739.29 2676.95
1500 16 8254.87 923.75
1500 17 9080 1115.32
1500 18 6394.48 595.08
1500 19 9583.53 5593.28
1500 20 8920.51 5317.24
1500 21 9179.65 4717.5
1500 22 10478.64 5508.06
1500 23 8126.42 2885.71
1500 24 5687.17 3409.07
1500 25 9515.76 4759.58
1500 26 5622.71 4481.61
1500 27 6598.02 3226.99
1500 28 7756.08 3383.83
1500 29 8543.13 3008.14
1500 30 6814.57 2077.71
1500 31 9651.01 4953.51
1500 32 9865.53 4593.17
1500 33 8789.27 1680.46
1500 34 7866.2 3664.11
1500 35 4243.32 4091.91
1500 36 8599.43 4848.1
1500 37 8423.03 4611.78
1500 38 10139.05 5601.28
1500 39 4112.37 4201
1500 40 1070.65 3893.48
1500 41 8015.34 4751.27
1560 0 10579.9 1170.41
1560 1 7729.92 6058.76
1560 2 7806.03 5708.61
1560 3 8225.99 2168.46
1560 4 9064.97 3775.89
1560 5 10493.74 5622.44
1560 6 8545.93 2982.64
1560 7 9043.87 4606.8
1560 8 9537.9 5016.03
1560 9 8906.95 4814.53
1560 10 10408.29 4814.14
1560 11 9080.1 5142.94
1560 12 8071.62 3342.5
1560 13 3068.85 2152.47
1560 14 9134.38 2825.45
1560 15 7802.32 2310.08
1560 16 8278.67 921.68
1560 17 8711.81 968.76
1560 18 6343.43 587
1560 19 9904.41 5395.62
1560 20 8927.58 5313.95
1560 21 9294.98 4582.87
1560 22 10141.22 5401.58
1560 23 8127.23 2896.81
1560 24 5764.03 3517.15
1560 25 9590.82 4725.66
1560 26 5547.42 4258.15
1560 27 6521.48 3653.7
1560 28 8110.49 2897.82
1560 29 8661.31 3123.16
1560 30 7321.49 2584.52
1560 31 9683.7 4935.96
1560 32 9876.13 4587.69
1560 33 8662.61 2213.35
1560 34 7759.51 3541.4
1560 35 4673.85 4108.81
1560 36 8767.05 4797.01
1560 37 8574.34 4636.02
1560 38 10146.17 5589.12
1560 39 4125.58 4045.74
1560 40 1583 3927.3
1560 41 7957.04 5067.12
1620 0 10227.12 686.59
1620 1 7948.36 5758.31
1620 2 7946.74 4880.66
1620 3 8301.31 2380.85
1620 4 9282.72 4295.42
1620 5 10487.59 5621.29
1620 6 8811.24 3370.42
1620 7 9146.94 4459.88
1620 8 9492.05 5302
1620 9 8937.25 4896.83
1620 10 10285.53 4734.57
1620 11 9181.71 5226.8
1620 12 8302.69 3573.61
1620 13 3316.28 2166.06
1620 14 9549.66 2895.77
1620 15 8151.1 2314.46
1620 16 8260.87 1091.32
1620 17 8486.39 950.71
1620 18 6353.1 591.5
1620 19 9852 5192.23
1620 20 8933.7 5320.65
1620 21 9170.58 4482.22
1620 22 9981.16 5235.23
1620 23 8226.55 3212.54
1620 24 5761.07 3720.18
1620 25 9552.93 4729.86
1620 26 5520.17 4249.11
1620 27 6456.59 4046.09
1620 28 9332.66 3086.34
1620 29 8893.2 3362.06
1620 30 7367.37 2283.01
1620 31 9692.59 4922.7
1620 32 9847.07 4587.5
1620 33 8368.55 2190.43
1620 34 7493.82 3496.5
1620 35 4991.62 4130.63
1620 36 8653.79 4322.52
1620 37 8574.41 4624.93
1620 38 10139.89 5607.95
1620 39 4165.67 3350.3
1620 40 2494.13 3985.54
1620 41 7932.14 4963.78
1680 0 10221.76 698.76
1680 1 8018.8 5331.58
1680 2 8017.23 4447.26
1680 3 8294.2 2390.79
1680 4 9505.65 4549.81
1680 5 10419.28 5700.73
1680 6 8500.2 3676.92
1680 7 9391.25 4123.02
1680 8 9404.89 5853.99
1680 9 9045.21 4812.07
1680 10 10273.25 4727.83
1680 11 9197.6 5220.24
1680 12 8449.05 3687.7
1680 13 3788.24 2195.35
1680 14 10067.49 3450.53
1680 15 8001.68 1977.34
1680 16 8227.89 1437.29
1680 17 8234.16 1420.69
1680 18 6895.49 641.36
1680 19 9521.16 4740.75
1680 20 8931.03 5325.07
1680 21 8890.45 4638.01
1680 22 9758.6 5065.15
1680 23 8329.67 3343
1680 24 5816.93 4250.86
1680 25 9713.47 4686.51
1680 26 5477.11 4235.54
1680 27 6390.89 4429.59
1680 28 10113.03 3901.3
1680 29 8958.79 3435.7
1680 30 7745.06 2311.95
1680 31 9708.44 4922.81
1680 32 9582.38 4806.61
1680 33 8188.07 2176
1680 34 6899.96 3396.35
1680 35 5680.5 4240.07
1680 36 8068.77 4230.11
1680 37 8753.85 4656.01
1680 38 10132.28 5695.55
1680 39 4345.64 3296.96
1680 40 3348.91 4039.12
1680 41 7925.94 4970.4
1740 0 10223.45 709.87
1740 1 8015.38 5313.8
1740 2 8037.29 4194.41
1740 3 8301.28 2385.29
1740 4 9640.3 4699.35
1740 5 10333.24 5798.93
1740 6 8755.97 4038.01
1740 7 9386 3840.06
1740 8 9300.22 5976.49
1740 9 9066.28 4683.5
1740 10 10213.54 4700.81
1740 11 9195 5214.67
1740 12 8680.7 3963.2
1740 13 4224.1 2220.03
1740 14 10316.92 3694.02
1740 15 7629.25 1949.53
1740 16 8187.58 1971.84
1740 17 8401.18 1477.21
1740 18 6876.36 1036.24
1740 19 9506.98 4617.5
1740 20 8924.91 5318.37
1740 21 8863.28 4757.67
1740 22 9913.83 4751.03
1740 23 8568.61 3581.93
1740 24 6375.51 4351.83
1740 25 9734.54 4696.63
1740 26 4923.75 4142.44
1740 27 6336.87 4774.33
1740 28 10486.14 3674.03
1740 29 9343.17 3095.28
1740 30 8163.33 2188.05
1740 31 9664.27 4945.82
1740 32 9295.91 4852.49
1740 33 8139.28 2515.21
1740 34 6214.58 3281.28
1740 35 5817.28 3744.92
1740 36 7799.61 4179.63
1740 37 9038.01 4697.75
1740 38 10130.23 5741.03
1740 39 5114.02 3076.18
1740 40 4003 4077.22
1740 41 7927.74 4963.75
1800 0 10081.08 655.69
1800 1 8076.37 4992.41
1800 2 8130.79 3742.3
1800 3 8518.95 2649.61
1800 4 9963.67 4668.14
1800 5 10459.53 5603.36
1800 6 8937.09 4223.34
1800 7 9766.21 3464.13
1800 8 9237.56 6000.5
1800 9 9283.28 4762.54
1800 10 9838.72 4517.55
1800 11 9241.72 5067.4
1800 12 8947.62 4228.95
1800 13 4497.94 2237.13
1800 14 10699.26 4080.4
1800 15 7182.01 1912.4
1800 16 8163.86 2244.64
1800 17 8404.15 1708.01
1800 18 6830.75 1587.4
1800 19 8924.44 4415.21
1800 20 8925.77 5321.71
1800 21 8779.23 5242.01
1800 22 9496.23 4231.32
1800 23 8648.22 3665.64
1800 24 6908.51 4457.12
1800 25 9726.54 4708.78
1800 26 5006.09 3763.46
1800 27 6303.26 5093.68
1800 28 10772.66 4032.06
1800 29 9515.05 2936.6
1800 30 8203.97 1743.38
1800 31 9544.31 4977.23
1800 32 9330.72 4639.68
1800 33 8299.19 2721.47
1800 34 6082.58 3264.96
1800 35 6329.31 3831.18
1800 36 7101.97 4066.63
1800 37 9287.32 4680.46
1800 38 10132.81 5749.92
1800 39 5226.89 2901.53
1800 40 4795.3 4121.72
1800 41 7904.33 5189.96
1860 0 9624.43 701.59
1860 1 8163.56 4564.67
1860 2 8400.5 3565.34
1860 3 8514.29 2831.54
1860 4 9595.55 4813.35
1860 5 10273.93 5575.52
1860 6 9134.64 4456.48
1860 7 10002.28 3183.82
1860 8 9083.66 5972.9
1860 9 9341.29 4362.37
1860 10 9911.52 4562.4
1860 11 9247.77 4945.39
1860 12 9138.05 4473.14
1860 13 4723.35 2250.64
1860 14 10872.74 4214.68
1860 15 6792.79 2037.64
1860 16 8142.82 2513.01
1860 17 8353.51 2342.34
1860 18 6796.27 2045.43
1860 19 8879.09 4624.62
1860 20 8931.04 5322.85
1860 21 8909.77 5346.02
1860 22 9075.29 3814.79
1860 23 9100.71 4111.2
1860 24 6920.25 4844.42
1860 25 9576.57 4751.09
1860 26 5061.82 3418.72
1860 27 6299.65 5108.08
1860 28 10780.68 4018.8
1860 29 9598.2 2465.58
1860 30 8246.88 1216.62
1860 31 9675.74 4941.46
1860 32 9169.86 4456.7
1860 33 8512.63 2814.89
1860 34 5680.49 3198.22
1860 35 6861.54 3924.26
1860 36 6334.82 3941.06
1860 37 9520.9 4229.25
1860 38 10135.23 5784.33
1860 39 5649 2861.85
1860 40 5248.45 4183.16
1860 41 7826.78 5627.74
1920 0 9454.01 2147.34
1920 1 8508.24 4362.66
1920 2 8990.35 3459.2
1920 3 8838.89 3315.12
1920 4 9395.16 5169.34
1920 5 10042.82 5367.66
1920 6 9315.81 4630.71
1920 7 10529.53 2008.9
1920 8 8688.7 5776.24
1920 9 8890.33 3957.86
1920 10 10143.23 4680.39
1920 11 9844.72 4817.16
1920 12 9319.52 4601.89
1920 13 5262.52 2382.48
1920 14 10873.57 4223.56
1920 15 6762.4 2403.6
1920 16 8142.77 2520.78
1920 17 8512.32 2723.91
1920 18 6844.5 2081.22
1920 19 8927.54 4621.6
1920 20 8931.99 5312.87
1920 21 8914.08 5360.47
1920 22 8989.51 3452.54
1920 23 9300.21 4314.39
1920 24 6842.72 5287.76
1920 25 9657.45 4772.69
1920 26 5097.34 3218.1
1920 27 6509.96 5130.42
1920 28 10608.16 4275.09
1920 29 9717.07 2470.78
1920 30 8094.57 918.32
1920 31 9731.01 4973.99
1920 32 9011.2 4621.02
1920 33 8844.2 3310.71
1920 34 5028.15 2848.22
1920 35 7123.71 3966.9
1920 36 5505.19 3802.99
1920 37 9478.06 4181.27
1920 38 10138.06 5754.39
1920 39 5658.63 2873
1920 40 5698.48 4028.26
1920 41 8287.8 5824.77
1980 0 9240.76 2440.01
1980 1 8572.92 3878.2
1980 2 8978.1 3865.21
1980 3 9265.15 3732.77
1980 4 9209.84 5373.43
1980 5 9705.4 5122.5
1980 6 9560.79 4878.59
1980 7 10708.85 984.85
1980 8 8414.02 5632.5
1980 9 8551.11 3844.78
1980 10 10151.06 4694.86
1980 11 9761.12 4259.64
1980 12 9380.94 4636.67
1980 13 5439.39 2710.83
1980 14 10869.13 4229.08
1980 15 6731.07 2778.43
1980 16 7915 2891.06
1980 17 8614.02 3080.7
1980 18 7179.61 2450.51
1980 19 8951.33 4618.42
1980 20 8912.5 5331.61
1980 21 8643.38 5282.21
1980 22 9083.17 3264.51
1980 23 8985.93 4578.7
1980 24 6776.06 5683.46
1980 25 9642.55 4761.5
1980 26 5177.86 2701.53
1980 27 6741.53 4985.36
1980 28 10791.34 4274.06
1980 29 9736.99 2524.16
1980 30 8076.98 770.64
1980 31 9768.24 4934.28
1980 32 8877.56 4866.49
1980 33 9329.06 3793.09
1980 34 4262.47 2442.15
1980 35 7223.9 3856.56
1980 36 5314.58 3868.44
1980 37 9269.16 4349.7
1980 38 10144.44 5721.15
1980 39 5675.34 2876.43
1980 40 5800.6 3439.7
1980 41 9022.48 6179.99
2040 0 8774.16 2402.67
2040 1 8759.47 4041.36
2040 2 9336.16 4339.03
2040 3 9809.4 4283.25
2040 4 8931.86 5332.84
2040 5 9252.32 5061.92
2040 6 9969.49 5270.66
2040 7 10979.05 1023.23
2040 8 8148.18 5198.12
2040 9 8337.54 3634.85
2040 10 10147.57 4689.29
2040 11 10150.48 4648.26
2040 12 9518 4546.56
2040 13 5806.45 2897.17
2040 14 10837.5 4217.78
2040 15 6590.14 3219.18
2040 16 7936.75 3220.73
2040 17 9282.67 3747.31
2040 18 7571.79 2845.68
2040 19 8913.37 4634.82
2040 20 8921.3 5331.67
2040 21 8371 5047.5
2040 22 8873.26 3312
2040 23 9037.37 4660.02
2040 24 6704.81 6110.2
2040 25 9600.42 4740.15
2040 26 5251.6 2291.44
2040 27 7045.09 5021.59
2040 28 10800.16 4271.9
2040 29 9537.03 2804.71
2040 30 8272.65 755.21
2040 31 9785.06 4921.08
2040 32 8928.78 5123.12
2040 33 9824.13 4182.37
2040 34 3635.48 2418.61
2040 35 7174.94 3652.1
2040 36 5307.43 3887.26
2040 37 9076.46 4604.79
2040 38 10144.49 5713.38
2040 39 5876.31 2997.45
2040 40 5990.8 3146.8
2040 41 9062.08 6183.57
2100 0 8363.92 2369.04
2100 1 8763.78 4056.92
2100 2 9622.1 4653.74
2100 3 10080.6 4561.26
2100 4 8358.38 5236.05
2100 5 8714 4971.98
2100 6 10176.01 5468.38
2100 7 10958.02 1276.06
2100 8 7789.2 5154.85
2100 9 8095.03 3402.56
2100 10 10145.11 4661.54
2100 11 9919.7 4933.04
2100 12 9686.89 4712.96
2100 13 5861.6 3102.76
2100 14 10756.98 4140.69
2100 15 6527.04 3607.13
2100 16 8048.57 3367.88
2100 17 9408.96 3830.22
2100 18 8050.5 3340.15
2100 19 8887.53 4682.37
2100 20 8933.66 5326.2
2100 21 8709.8 4798.87
2100 22 8517.81 3677.03
2100 23 9045.32 4655.63
2100 24 6693.8 6183.37
2100 25 9615.25 4761.33
2100 26 4815.52 2152.42
2100 27 7536.07 5080.06
2100 28 10893.47 4546.57
2100 29 9610.04 3233.46
2100 30 8290.74 1105.93
2100 31 9793 4918.91
2100 32 9212.16 5284.68
2100 33 10152.03 3862.71
2100 34 2769.2 2341.64
2100 35 7113.16 3673.92
2100 36 5740.38 3793.28
2100 37 8879.68 4670.12
2100 38 10161.48 5673.55
2100 39 5866.09 3087.26
2100 40 6536.38 3225.51
2100 41 8939.57 6065.19
2160 0 8052.26 2344.91
2160 1 8460.02 3765.43
2160 2 9868.82 4903.86
2160 3 10408.66 4894.03
2160 4 8061.08 5186.49
2160 5 8118.42 4743.03
2160 6 10423.23 5498.82
2160 7 10911.13 1844.95
2160 8 7565.68 4990.37
2160 9 7889.46 3176.06
2160 10 10138.86 4675.92
2160 11 10159.42 5309.6
2160 12 9639.66 4800.32
2160 13 5838.81 3232.44
2160 14 10840.18 4211.14
2160 15 6469.5 3950.74
2160 16 7875.21 4201.18
2160 17 9268.96 3964.69
2160 18 7976.8 3864.51
2160 19 8879.47 4703.4
2160 20 8883.39 5479
2160 21 8773.12 4531.86
2160 22 8565.23 3839.32
2160 23 9045.4 4642.31
2160 24 6662.85 6206.48
2160 25 9652.95 4787.09
2160 26 4441.84 2035.99
2160 27 7789.27 5142.65
2160 28 10782.59 5209.35
2160 29 9353.84 3495.9
2160 30 8459.03 959.41
2160 31 9801.77 4924.51
2160 32 8928.39 5323.94
2160 33 10447.42 3804.71
2160 34 1934.45 2297.11
2160 35 7106.8 3707.17
2160 36 5694.23 3406.89
2160 37 8970.77 4887.05
2160 38 10165.26 5632.52
2160 39 5840.62 2778.66
2160 40 6914.62 3303.24
2160 41 8963.6 5884.48
2220 0 7585.66 2306.53
2220 1 8375.98 4107.76
2220 2 10093.95 5085.05
2220 3 10476.05 4957.71
2220 4 7527.98 5106.64
2220 5 7995.37 4705.65
2220 6 10493.39 5541.44
2220 7 10906.55 1871.55
2220 8 7055.49 4905.15
2220 9 8045.04 3084.93
2220 10 10170.32 4576.27
2220 11 10186.66 5591.6
2220 12 9300.22 4866.95
2220 13 5741.95 3825.47
2220 14 10861.25 4221.26
2220 15 6401 4358.64
2220 16 7852.44 4181.07
2220 17 9078.64 4119.93
2220 18 7859.09 4529.5
2220 19 8875.99 4696.72
2220 20 8776.55 5807.86
2220 21 8732.19 4038.97
2220 22 8757.67 4046.9
2220 23 9034.8 4648.91
2220 24 8189.86 6141.49
2220 25 9679.28 4801.68
2220 26 4221.72 2020.3
2220 27 8021.44 5188.46
2220 28 10690.86 5368.53
2220 29 9368.45 3829.96
2220 30 8932.9 973.48
2220 31 9743.5 4948.55
2220 32 8649.62 5268.93
2220 33 10125.53 4284.17
2220 34 1297.82 2261.49
2220 35 7067.36 3965.45
2220 36 6125.6 3582.54
2220 37 9363.82 4974.98
2220 38 10169.64 5635.88
2220 39 5868.88 2617.94
2220 40 7547.17 3412.5
2220 41 9063.64 5380.27
2280 0 7347.49 2509.23
2280 1 8175.33 4653.51
2280 2 10150.73 5019.96
2280 3 10712.93 5224.43
2280 4 6990.58 5009.05
2280 5 7989.25 4698.96
2280 6 10353.63 5776.87
2280 7 10840.34 2703.27
2280 8 6301.61 4781.89
2280 9 8100.96 3014.26
2280 10 10113.56 4639.14
2280 11 10202.09 5519.58
2280 12 8922.85 4806.86
2280 13 5693.72 4535.28
2280 14 10869.23 4213.55
2280 15 7311.63 4631.55
2280 16 7669.39 4161.08
2280 17 8765.94 4554.01
2280 18 8260.27 4588.57
2280 19 8874.25 4693.38
2280 20 8798.47 5822.42
2280 21 8341.86 3647.09
2280 22 9132.2 4424.28
2280 23 9039.24 4642.28
2280 24 8245.51 5828.95
2280 25 9705.7 4800.74
2280 26 4066.73 2014.97
2280 27 8063.38 4814.81
2280 28 10291.53 5849.7
2280 29 9323.71 3525.66
2280 30 9351.97 1016.07
2280 31 9866.6 4974.86
2280 32 7918.63 5155.65
2280 33 9827.77 4577.39
2280 34 1330.48 2247.24
2280 35 7058.47 3978.71
2280 36 6809.2 3695.38
2280 37 9523.85 5286.67
2280 38 10174.08 5630.36
2280 39 6173 2426.69
2280 40 7872.68 3469.98
2280 41 9086.27 5141.87
2340 0 7335.03 2530.23
2340 1 8159.36 4531.36
2340 2 10020.12 4790.55
2340 3 10497.32 5613.59
2340 4 6846.69 5359.91
2340 5 7967.47 4661.1
2340 6 10440.72 5516.69
2340 7 10782.04 3405.23
2340 8 5684.04 4535.23
2340 9 8130.17 2565.08
2340 10 10123.19 4646.97
2340 11 9619.85 5558.01
2340 12 8607.39 4842.61
2340 13 5770.38 4676.65
2340 14 10855.12 4216.78
2340 15 7619.57 4674.49
2340 16 7084.36 4066.52
2340 17 8466.24 4461.15
2340 18 8727.38 4664.72
2340 19 8877.83 4684.53
2340 20 8795.02 5810.19
2340 21 8201.87 3500.87
2340 22 9363.32 4637.67
2340 23 9045.41 4641.21
2340 24 8253.03 5752.43
2340 25 9830.65 4951.33
2340 26 4053.48 2021.56
2340 27 8379.05 4604.85
2340 28 10287.96 5856.33
2340 29 9030.55 3228.67
2340 30 9691.81 1186.88
2340 31 9885.9 4986.08
2340 32 7777.05 5124.82
2340 33 9626.49 4793.57
2340 34 1746.94 2277.22
2340 35 7093.26 4485.98
2340 36 7238.73 3878.84
2340 37 9441.9 5572.41
2340 38 10176 5605.96
2340 39 6363.58 2960.41
2340 40 7954 3990.85
2340 41 9173.51 4853.94
2400 0 7339.95 2590.18
2400 1 8154.07 4532.44
2400 2 9587.55 4824.39
2400 3 10490.26 5616.87
2400 4 6756.06 5786.53
2400 5 7958.69 4656.6
2400 6 10204.76 5515.16
2400 7 10786.28 3160.05
2400 8 5120.78 4181.31
2400 9 8143.43 1989.32
2400 10 10127.63 4641.45
2400 11 9406.58 5866.21
2400 12 9116.71 4924.59
2400 13 6015.04 4846.75
2400 14 10730.75 4112.78
2400 15 8083.11 4757.23
2400 16 6886.74 4125.24
2400 17 8472.63 4425.69
2400 18 9027.9 4625.56
2400 19 8898.92 4691.32
2400 20 8784.43 5814.56
2400 21 7976.95 3841.21
2400 22 9477.07 4750.46
2400 23 9040.11 4644.5
2400 24 7936.35 5849.22
2400 25 9891.03 4598.88
2400 26 3781.43 1997.82
2400 27 8603.65 4596.26
2400 28 9990.93 6043.04
2400 29 8789.08 3393.58
2400 30 9765.13 1016.48
2400 31 9880.46 5010.45
2400 32 7240.39 5051.63
2400 33 9309.06 4861.45
2400 34 2503.32 2320.2
2400 35 7827.46 4518.21
2400 36 7497.21 4236.58
2400 37 9634.04 5404.98
2400 38 10174.05 5635.9
2400 39 6780.96 3268.04
2400 40 7820.48 4936.46
2400 41 9042.3 4715.52
2460 0 7370.47 2640.29
2460 1 8154.1 4526.89
2460 2 9529.58 5493.08
2460 3 10498.17 5619.14
2460 4 7149.45 5958.67
2460 5 7971.9 4656.69
2460 6 10016.77 5310.9
2460 7 10597.32 2557.45
2460 8 4749.41 4138.1
2460 9 7897.81 1966.72
2460 10 10133.66 4662.57
2460 11 9663.31 6058.69
2460 12 9363.82 4974.98
2460 13 6275.01 5105.71
2460 14 10880.65 4218.06
2460 15 8033.1 4870.1
2460 16 6835.59 4428.94
2460 17 8570.46 4411.87
2460 18 8968.52 4266.81
2460 19 8890.03 4704.58
2460 20 8700.84 5666.47
2460 21 7855.19 4591.61
2460 22 9480.64 4743.82
2460 23 9053.43 4626.83
2460 24 7749.93 6097.72
2460 25 9655.45 4395.43
2460 26 3205.57 1960.18
2460 27 8981.84 4668.54
2460 28 9972.92 6106.16
2460 29 8413.73 3138.26
2460 30 10148.76 815.9
2460 31 9861.24 4987.03
2460 32 6901.75 4991.87
2460 33 8587.7 4752.61
2460 34 3055.4 2352.11
2460 35 8389.25 4804.63
2460 36 7632.68 4260.71
2460 37 9731.49 5036.13
2460 38 10163.49 5634.73
2460 39 7449.6 3383.05
2460 40 8373.82 5019.78
2460 41 9001.32 4650.91
2520 0 8228.54 2893.01
2520 1 8147.91 4532.4
2520 2 9260.28 6027.27
2520 3 10451.24 5659.89
2520 4 7483.63 5877.5
2520 5 7959.75 4912.91
2520 6 9673.62 4998.03
2520 7 9574.39 2469.87
2520 8 3790.78 4076.01
2520 9 7584.37 1943.71
2520 10 10154.05 4641.62
2520 11 9839.87 5711.42
2520 12 9123.43 5114.36
2520 13 6219.13 5469.3
2520 14 10885.94 4215.88
2520 15 8032.17 4877.86
2520 16 6767.06 4841.27
2520 17 8529.11 4687.89
2520 18 8665.75 3959.78
2520 19 8889.3 4681.27
2520 20 9013.2 5558.59
2520 21 7765.65 5118.09
2520 22 9485.01 4748.29
2520 23 9080.68 4633.66
2520 24 6798.32 6223.94
2520 25 9890.27 4030.79
2520 26 3080.11 2343.37
2520 27 9116.01 4755.93
2520 28 9619.3 6058.41
2520 29 8626.33 3083
2520 30 10434.2 679.05
2520 31 9890.38 4975.01
2520 32 6313.82 4947.28
2520 33 8372.67 4498.29
2520 34 3504.42 2386.8
2520 35 8908.18 4898.86
2520 36 7767.08 4170.55
2520 37 9716.17 4952.81
2520 38 10170.56 5630.33
2520 39 8032.26 3584.14
2520 40 8884.82 5112.86
2520 41 9032.2 4642.23
2580 0 8217.7 2794.19
2580 1 8143.47 4537.92
2580 2 9093.92 6160.47
2580 3 10392.66 5731.63
2580 4 7233.13 5664.05
2580 5 7790.83 5032.81
2580 6 9344.02 4626.45
2580 7 8865.94 2515.31
2580 8 3262.6 4040.85
2580 9 7150.3 1911.1
2580 10 10145.23 4643.79
2580 11 9878.3 5484.21
2580 12 9065.64 5341.45
2580 13 6189.11 5631.12
2580 14 10602.02 3865.63
2580 15 8035.64 4886.75
2580 16 6684.8 5340.07
2580 17 8121.2 4720.85
2580 18 8374.37 3659.49
2580 19 8883.94 4693.45
2580 20 9083.78 5258.35
2580 21 7480.51 5094.15
2580 22 9471.87 4738.22
2580 23 9057.94 4609.11
2580 24 6419.33 6147.32
2580 25 9333.82 3043.08
2580 26 2990.06 2697.91
2580 27 9420.99 4985.32
2580 28 9248.22 5985.03
2580 29 8873.83 3081.22
2580 30 10392.69 831.9
2580 31 9920.17 4997.39
2580 32 6329.94 4903
2580 33 8245.27 4876.96
2580 34 4252.87 2426.56
2580 35 9222.24 4945.23
2580 36 7857.47 3650.74
2580 37 9815.29 4463.03
2580 38 10177.63 5627.05
2580 39 8298.02 3616.85
2580 40 9156.27 4933.72
2580 41 8976.72 4641.88
2640 0 9436.56 2260.4
2640 1 8149.63 4539.07
2640 2 8772.08 6238.33
2640 3 10142.8 5838.75
2640 4 6786.2 5606.97
2640 5 7536.58 4996.85
2640 6 9149.45 4480.98
2640 7 8860.17 2592.94
2640 8 2506.39 3997.81
2640 9 6803.93 1943.4
2640 10 10146.89 4659.33
2640 11 9788.65 5597.92
2640 12 8889.63 5327.03
2640 13 6521.37 5869.44
2640 14 10518.23 3749.69
2640 15 8029.5 4883.39
2640 16 6606.36 5791.17
2640 17 8078.86 5016.84
2640 18 8203.65 3497.55
2640 19 8898.07 4686.88
2640 20 9102.33 5108.68
2640 21 7016.09 5012.54
2640 22 9474.43 4751.55
2640 23 8988.36 4610.89
2640 24 6721.44 5980.49
2640 25 9454.9 1591.46
2640 26 2811.89 3059.74
2640 27 9681.64 4982.55
2640 28 8066.09 5797.87
2640 29 8541.81 3220.05
2640 30 10372.44 830.66
2640 31 9929.91 4989.69
2640 32 6492.75 4917.29
2640 33 8503.42 5134.87
2640 34 5042.26 2695.19
2640 35 9643.11 4949.02
2640 36 7921.52 3262.8
2640 37 9822.18 3937.15
2640 38 10174.03 5638.12
2640 39 8311.24 3615.83
2640 40 9235.69 4767.79
2640 41 8997.84 4644.23
2700 0 9584.28 780.11
2700 1 8147.9 4533.51
2700 2 8238.21 6154
2700 3 10085.7 5545.46
2700 4 6728.12 5895.09
2700 5 7039.57 4916.15
2700 6 9100.61 4546.13
2700 7 8719.07 2760.7
2700 8 1674.48 3945.55
2700 9 7122.69 2396.91
2700 10 10156.55 4662.72
2700 11 9798.26 5609.08
2700 12 8498.2 5264.66
2700 13 7154.68 5967.58
2700 14 10129.2 2758.57
2700 15 8032.17 4877.86
2700 16 6545.17 6156.95
2700 17 7923.81 5172.32
2700 18 7765.12 3059.9
2700 19 8895.5 4674.66
2700 20 9189.06 4623.25
2700 21 6973.53 4480.81
2700 22 9478.9 4740.48
2700 23 9174.42 4432.32
2700 24 7069.37 5952.64
2700 25 9436.18 102.35
2700 26 2458.69 3386.2
2700 27 9689.66 4968.18
2700 28 7849.05 6156.02
2700 29 8118.79 3122
2700 30 10307.27 689.33
2700 31 9943.84 5014.19
2700 32 6986.11 5019.01
2700 33 8431.21 5559.38
2700 34 5266.24 2799.69
2700 35 9390.3 4686.66
2700 36 7908.8 2896.57
2700 37 9416.47 2648.61
2700 38 10179.36 5630.39
2700 39 8284.89 3603.46
2700 40 9367.41 4547.83
2700 41 8985.35 4670.78
2760 1 8146.17 4527.95
2760 3 9816.57 5500.46
2760 4 6650.15 5538.46
2760 5 6384.25 4802.35
2760 6 9142.86 4827.11
2760 7 8729.61 3186.83
2760 8 1000.18 3898.65
2760 9 7338.23 2582.4
2760 10 10108.05 4673.51
2760 11 9789.5 5602.36
2760 12 8323.31 5212.53
2760 13 7328.86 5990.83
2760 14 10569.14 1335.66
2760 15 7800.04 4824.27
2760 17 7432.06 5097.18
2760 18 7473.62 2767.41
2760 19 8983.91 4618.63
2760 20 9052.06 4564.69
2760 21 7058.54 3967.61
2760 22 9497.98 4509.82
2760 23 9659.96 3966.07
2760 24 7432.65 6008.11
2760 26 2455.11 3395.06
2760 27 9644.83 4955.68
2760 28 6253.76 6157.42
2760 29 8160.47 2223.53
2760 30 10161.22 1070.07
2760 31 9945.66 5005.32
2760 33 8345.28 6067.01
2760 34 5809.13 2890.53
2760 35 9001.97 4269.24
2760 36 7951.74 2362.04
2760 37 9625.84 1170.93
2760 38 10073.71 5630.82
2760 39 8762.88 3218.11
2760 40 9456.63 4642.7
2760 41 9002.14 4660.9
2820 1 8147.91 4532.4
2820 3 9319 5376.34
2820 4 6710.88 4957.43
2820 5 5654.82 4562.79
2820 6 9103.1 5126.44
2820 7 8838.95 3305.13
2820 9 7328.72 2697.73
2820 10 10123.97 4662.51
2820 11 9878.59 5439.83
2820 12 8317.16 5210.27
2820 13 7594.48 6035.73
2820 15 7747.88 4285.83
2820 17 6900.87 4990.76
2820 18 6987.79 2274.04
2820 19 9191.46 4383.61
2820 20 9121.05 4516.31
2820 21 7119.81 3594.07
2820 22 9888.8 4122.87
2820 23 9532.11 3714.5
2820 24 7640.24 6038.23
2820 26 2481.71 4002.11
2820 27 9693.1 4980.4
2820 28 6198.68 6239.2
2820 29 8212.48 1649.12
2820 30 10002.61 1349.76
2820 31 9914.23 4962.96
2820 33 8756.96 6262.65
2820 34 6397.75 2990.57
2820 35 8614.15 3903.98
2820 36 7789.36 1983.8
2820 37 9562.2 512.57
2820 38 10105.16 5394.69
2820 39 9046.37 3234.32
2820 40 9417.12 4624.7
2820 41 9010.76 4689.81
2880 3 8687.31 5296.91
2880 4 5749.36 4805.23
2880 5 5283.01 4447.43
2880 6 9135.72 4841.49
2880 7 8454.2 3709.92
2880 9 7226.73 2957.85
2880 10 10119.61 4655.83
2880 11 9499.04 5310.92
2880 12 8312.6 5234.65
2880 15 7854.51 3559.74
2880 17 6640.5 4948.13
2880 18 6797.27 1879
2880 19 9621.91 3994.68
2880 20 9117.57 4509.63
2880 21 7162.73 3343.58
2880 22 9290.49 3209.23
2880 23 10042.35 3115.29
2880 24 7921.89 5909.05
2880 26 3396.44 4044.94
2880 27 9677.29 4974.75
2880 29 8255.64 1083.53
2880 30 10119.56 1793.21
2880 31 9921.19 4975.21
2880 34 6784.84 3063.91
2880 35 8393.56 3689.57
2880 36 7611.59 1670.93
2880 37 9360.57 1741.76
2880 38 10394.83 5397.67
2880 39 9011.41 3190.82
2880 40 9392.14 4674.47
2880 41 9043.08 4731.06
2940 3 8059.28 5193.13
2940 4 5063.21 4690.25
2940 5 5083.18 4285.38
2940 6 9017.09 4663.22
2940 9 6981.05 3095.05
2940 10 10124.86 4661.41
2940 11 8694.22 5178.23
2940 12 8319.72 5222.49
2940 15 7756.85 3400.47
2940 17 6770.23 4752.53
2940 18 6972.15 2238.44
2940 19 9868.77 3813.18
2940 21 7130.62 3120.37
2940 22 9348.28 1735.03
2940 23 10555.97 1736.12
2940 26 4106.84 4088.91
2940 27 9693.89 4994.83
2940 29 8298.05 496.85
2940 31 10117.44 4719.06
2940 34 6783.99 3058.35
2940 35 8139.8 3426.14
2940 36 7614.66 1599.94
2940 38 10574.76 5484.27
2940 39 9157.85 2875.53
2940 40 9408.7 4701.2
2940 41 9030.03 4706.57
3000 3 8051.36 5191.98
3000 4 4392 4577.63
3000 5 5189.89 3656.9
3000 6 9068.49 4472.7
3000 9 6494.5 3012.23
3000 11 8074.97 5075.62
3000 12 8332.95 5219.24
3000 15 7825.7 3090.23
3000 17 6842.38 4761.84
3000 18 7144.63 2410.35
3000 19 9818.18 3462.24
3000 21 7167.17 3338.06
3000 22 9476.72 237.97
3000 23 10399.98 250.55
3000 26 4653.51 4123.12
3000 27 9688.83 4959.29
3000 29 8563.35 477.42
3000 31 9772.73 4509.36
3000 34 7190.91 3199.51
3000 35 8115.58 3354.98
3000 36 7655.57 1107.56
3000 39 9581.88 1433.61
3000 41 9049.49 4692.27
3060 3 7900.34 5122.25
3060 4 3800.72 4496.58
3060 5 5365.84 3388.32
3060 6 9110.68 4485.17
3060 9 5925.25 2913.41
3060 12 8020.47 5061.97
3060 15 9089.71 2786.34
3060 17 6961.13 4782.53
3060 18 7168.24 2437.13
3060 19 10302.21 2563.3
3060 21 7732.89 3430.28
3060 26 5463.09 4222.15
3060 27 9696.55 4992.63
3060 29 9714.83 616.73
3060 31 9644.07 4385.38
3060 34 7671.33 3415.48
3060 35 8127.96 3347.29
3060 41 9012.44 4703.13
3120 3 7726.33 5355.29
3120 4 3497.27 4123.17
3120 5 5374 3347.31
3120 6 9101.86 4487.34
3120 9 5616.4 2863.88
3120 12 7628.26 4979.66
3120 15 9505.4 1546.29
3120 17 7665.54 4787.94
3120 18 7572.65 2849.01
3120 19 10623.53 1099.69
3120 21 8005.3 3671.62
3120 26 6364.89 4360.64
3120 27 9713.25 4997.18
3120 29 10227.83 713.22
3120 31 9369.03 4153.95
3120 34 8004.46 3663.85
3120 35 8296.5 3578.01
3120 41 9022.15 4699.86
3180 3 7663.2 5741.02
3180 4 2809.22 4017.24
3180 5 5770.16 3522.73
3180 6 9110.71 4479.63
3180 9 5428.96 2837.25
3180 12 7608.95 4969.56
3180 17 7827.37 3819.2
3180 18 8051.42 3334.61
3180 21 7916.59 4202.54
3180 26 7102.86 4499.35
3180 27 9727.44 4980.62
3180 31 8861.69 3610.4
3180 34 7923.02 4159.31
3180 35 8466.97 3498.08
3240 3 7578.53 6195.41
3240 4 2219.4 3980.7
3240 5 6062.27 3568.85
3240 6 9100.16 4477.34
3240 9 5187.77 2663.86
3240 12 7641.57 4963.1
3240 17 7739.77 3458.06
3240 18 8022.96 3520.84
3240 21 8228.71 4566.19
3240 26 7829.2 4521.55
3240 34 8009.22 4744.57
3240 35 8574.17 3396.67
3300 3 6930.24 6248.04
3300 4 1665.47 3822.35
3300 5 6661.38 3674.51
3300 6 9112.34 4500.72
3300 9 5213.45 2489.82
3300 12 7617.04 4799.85
3300 17 7800.79 3130.02
3300 18 7930.64 4066.16
3300 21 8853.19 4682.16
3300 26 7849.86 4598.24
3300 34 8390.97 4810.19
3360 3 6409.54 6165.01
3360 4 1047.99 3685.88
3360 5 7159.34 3755.2
3360 6 9094.74 4499.5
3360 9 5060.72 2247.05
3360 12 7230.94 4723.15
3360 17 8589.98 2839.78
3360 18 8112.54 4555.48
3360 34 8895.87 4896.57
3420 3 6537.03 6193.52
3420 4 906.3 3667.37
3420 5 7661.69 3838.15
3420 6 9104.44 4496.23
3420 9 4744.25 2139.81
3420 12 6925.99 4769
3420 17 9359.8 2002.5
3420 18 8575.24 4632.7
3420 34 8917.68 4927.77
3480 3 6936.49 6232.55
3480 4 1127.88 3896.01
3480 5 8068.84 3791.85
3480 6 9112.39 4492.95
3480 9 4480.5 2052.85
3480 12 6905 4890.92
3480 17 9531.36 512.37
3480 18 8577.84 4639.38
3540 3 7750.42 6017.83
3540 4 1383.37 3713.2
3540 5 8262.31 3835.21
3540 9 4258.71 2021.62
3600 4 1414.84 3266.23
3600 5 8556.09 3892.52
3600 9 4035.64 2214.51
3660 4 1419.81 3159.74
3660 5 8901.25 3901.34
3660 9 3665.9 2178.02
3720 9 3691.93 1780.95
3780 9 3789.4 1834.76
3840 9 3873.1 1987.24
3900 9 3923.26 1995.3